0.948146883964
0.426847221599
0.0659143648027
0.234477648834
0.285844835773
0.155548474573
0.135481374854
0.0460815350034
0.149346051601
0.13687643583
0.0103585611543
0.26823934605
0.0895805014937
0.312802977644
0.219538610962
0.00416090491912
0.0442515095798
0.0101862509826
0.51870766141
0.384263318984
0.542733620868
0.00970305886244
0.117026149693
0.0218260948829
0.174753163583
0.658161430338
1.01342791801
0.899663903692
0.0312712949588
0.134835904446
0.0860127862644
1.01497458153
0.865638793481
1.03705587348
0.0271517926647
1.06074677439
0.0172545711011
0.0172204048436
0.162512039237
0.284326147089
0.136230487557
0.190826674732
0.283455146814
0.18901833673
0.314654722662
0.679243607012
0.0864396381013
0.997613369452
1.27310123805
0.625580268859
0.101020899954
1.2096461291
0.86838466875
1.28563535314
0.659356577067
1.24176945979
1.26531022443
0.189451772633
0.588019025593
0.142687455616
1.3922033932
0.11789595371
0.0651948169111
0.446326616255
1.14821755648
1.01355615437
1.22030890422
0.485039507829
1.14990271777
0.0587820066772
1.15102084489
1.07190812273
0.788291929186
0.241312155503
1.1620757414
1.08467844351
0.527040217468
0.684279240289
0.0174598575198
0.659114718438
0.992531172712
0.859620749662
1.13149652737
0.897275469035
0.162762098268
0.310862575087
0.593381404694
0.415245525013
0.950716991547
0.761340979569
0.440997012949
0.039891275233
0.0789136952654
0.831940521578
0.911428778807
0.687461327324
0.0518564189916
0.249996474266
0.215291295316
0.160445952682
0.870743218025
0.820445947077
0.557533131448
0.542032422319
0.695063939595
0.0543610072398
0.65693584696
0.662073624051
0.23527642166
0.327128871485
0.111736605524
0.321377539186
0.585627292959
0.319230044067
0.314638953605
0.212514049646
0.110616498071
0.623926164018
0.155242235118
0.397487154271
0.450293252257
0.00148155196113
0.661595888444
0.619606591885
0.63655073006
0.299816715743
0.270517788692
0.615088061627
0.265642447583
0.235188735412
0.266183414211
0.596677556629
0.562478791672
0.401251791748
0.470331288015
0.266429353994
0.272374072747
0.286129651995
0.0112917566891
0.0974861577327
0.0750749711469
0.411707099292
0.0879781771785
0.289961932214
0.345909717375
0.2640847408
0.204544009827
0.315186577444
0.385080432426
0.15922238535
0.279417238756
0.461147973783
0.0689575810646
0.186923839158
0.0274774994212
0.149678484921
0.349147056823
0.264269789163
0.204368241196
0.400806795864
0.165253229486
0.3196159186
0.228314841712
0.206830538046
0.163199106018
0.33040299639
0.321186044783
0.220054878814
0.0341387999253
0.174407696187
0.183973096681
0.200591283693
0.204487055049
0.0149918717481
0.0468860320787
0.21686371452
0.299071751495
0.225159567913
0.311343235564
0.101458521275
0.234202853405
0.379448318546
0.0216124114557
0.0253494127906
0.01265307884
0.330853902056
0.301938757767
0.0521657207066
0.377320232589
0.417434995149
0.0379096334446
0.468661075618
0.358269463549
0.0719365536266
0.109055638295
0.273110623998
0.305220062533
0.104994282163
0.523117641823
0.0227287378521
0.161967015354
0.0165149018651
0.0970915762283
0.0530402904
0.227186748383
0.559441541242
0.488880329893
0.186189809949
0.670280690879
0.202329665582
0.00823404752293
0.0681640597883
0.236661343975
0.727030340393
0.0872163032806
0.657139267453
0.0789644363909
0.68657733067
0.802596457714
0.827360996664
0.142761504324
0.818911747123
0.111303676656
0.167023093816
0.033869976502
0.0782034539451
0.726634716985
0.0293309675601
0.898243722697
0.908897003594
0.0365126133548
0.253693957491
0.021479347902
0.763855209991
0.870021122129
0.783093056474
0.893564071563
0.040154570494
0.992406653239
0.0759402637329
0.839137722402
1.02491811729
0.0917950375214
1.04476962849
0.738861059074
0.129326870245
0.306898069078
1.11292570538
0.00964828040041
1.05627090113
1.11176478704
1.08272377943
0.185931172767
0.712622678273
0.0605786293045
0.0167277728077
1.0767222988
0.239346970475
0.0195030341715
0.229524880483
0.77053732752
1.23395086344
0.0790586671152
0.981076127929
0.0864041085402
1.16662233759
1.32591458063
1.28187102209
1.33628987866
1.32427977086
0.840590688563
0.169319177837
1.24904938237
0.791062436813
0.564354950784
0.0284573737222
0.0335496993872
1.16447803916
1.36549151825
1.15466377095
1.06761287
0.248078621207
0.738598205117
0.219415477834
0.108003459741
1.01265025875
0.827052448895
1.12046352183
0.0788200535195
0.255216718221
0.841101119349
0.126683994213
0.788147407753
0.719672163969
0.0752146058485
0.282211886104
0.273700715897
1.09115592126
0.0591243083681
1.15027238606
1.28745841136
1.24825684608
0.122327422877
0.682352885489
0.456117004749
1.00024817391
0.997614168616
0.400154196849
1.00236121942
0.16022230563
0.340738816944
0.328003308627
1.13852096776
0.243706576607
0.322417131836
0.279185362977
0.814382878005
0.546950849129
0.398941671366
0.230657791482
1.0240600629
1.00519796066
0.262417600585
0.927439424022
0.175455788416
0.0806440695004
0.734602256343
0.971482966969
0.805728279734
0.285990737134
0.640586590977
0.584772771543
0.205474716457
0.218367448194
0.899107778822
0.430581149893
0.139307825399
0.103910420248
0.0583862424836
0.86194348684
0.580310080561
0.169882038894
0.636260785928
0.190431583769
0.245283343683
0.135706413935
0.739146222129
0.811182771197
0.77901787505
0.695564100873
0.152358919577
0.459794924948
0.304222537993
0.280342776766
0.746755716227
0.628027769417
0.682527525175
0.523828973615
0.587294329615
0.201589367506
0.151940170606
0.64340897465
0.234304987146
0.26226441407
0.122957686328
0.294993083038
0.307653560002
0.294262753899
0.289194620168
0.428865714751
0.185561571272
0.40519509593
0.643607168414
0.19735792244
0.562809835042
0.604125880591
0.542770236959
0.411840214333
0.350202567132
0.124335154496
0.283326061019
0.545289278851
0.561650638726
0.201437798011
0.0221939740207
0.0173871242218
0.0184762857769
0.0642787061083
0.360692139889
0.193346562551
0.473614753172
0.508848454261
0.116220922122
0.120742795038
0.32749203353
0.389081489012
0.44607253287
0.00218129788151
0.248524025129
0.25466511141
0.449472968443
0.128787900783
0.295316083013
0.224598240874
0.235757445075
0.0172718694586
0.403990131716
0.178036790497
0.145406793614
0.346049519706
0.289396459297
0.20141362292
0.114317748244
0.187263270415
0.405047198128
0.310082603671
0.377614807353
0.258042943109
0.0223291194806
0.0655669081143
0.195450504216
0.317193180461
0.0876712921953
0.220199459128
0.160274049798
0.275553239372
0.244771861082
0.4045404629
0.0591518095018
0.113545660955
0.353615369936
0.24200355788
0.152884562476
0.316438018084
0.107226692029
0.347859464645
0.326682881022
0.0729761836079
0.393980863519
0.357009557759
0.102692158379
0.251260464438
0.398456806734
0.372217005037
0.306284741637
0.189007777039
0.399320801015
0.516054159998
0.510466934658
0.266138801315
0.145893751442
0.0717224455734
0.0473860068524
0.282544282683
0.215077863793
0.27734067504
0.387519164638
0.353060921858
0.0831876588393
0.245471905995
0.554570357216
0.60184417393
0.475067252768
0.00630173204042
9.92316435136e-05
0.588338086874
0.614146724408
0.0990825732461
0.426903880992
0.742723202041
0.420017928663
0.661234169322
0.108161539671
0.234289419443
0.683988451833
0.734766912845
0.172589387751
0.154138021345
0.350162726924
0.252722216048
0.656468323383
0.072501417706
0.912257699868
0.171963995396
0.820176340071
0.188034034735
0.937488075728
0.606629200461
0.695920297412
0.961511693496
1.01731896882
0.886363914122
0.54572222968
0.819931095241
0.0524695314273
0.868539731358
0.949869895791
0.954767133193
1.08447409391
0.199627472646
0.835987325823
1.08036470922
0.537019750483
0.648785432477
1.03510264511
0.0452101440247
0.637818756021
1.1216227691
1.2172770295
0.361486708156
0.60033380292
0.812444317019
1.31187651343
1.15754432363
1.02474563356
0.967831147556
1.35615525618
0.31524865235
0.223502481627
1.2358660047
1.46322231875
0.87545663812
0.906857698108
0.0332799253246
0.539624142086
0.615199334972
0.996687791474
0.284204133316
0.696848810055
0.979825144511
0.703145806107
1.37427735985
0.955946842891
0.374006135005
0.288575150683
0.153385452229
0.787963292983
0.360827322464
0.915818877929
0.202021232177
0.853069251016
1.0576913709
0.137992773185
0.786087963158
0.41842590212
0.737662061599
0.961139766178
0.747266304099
0.103773325232
0.806218802904
0.722810443544
0.970480730903
0.916784986869
0.145202821615
0.675797579246
0.94153490167
0.958886538231
0.288123331311
0.894807724584
0.0974426138959
0.478368170679
0.83350579094
0.339436577148
0.0709330698041
0.0773827373501
0.495290727415
0.763825861473
0.0628532435933
0.598803400913
0.32214773853
0.661711490685
0.324531227004
0.719594721496
0.745277775901
0.741568929036
0.168054103043
0.561561698893
0.647490663695
0.286590804087
0.0259014047261
0.523346261201
0.0232898776772
0.515776572009
0.378137113752
0.648919289078
0.627516471242
0.216260299593
0.257949938034
0.20805731311
0.276761414599
0.567059327658
0.29247593226
0.00493659142965
0.2624797848
0.493304232893
0.575305313688
0.152959315881
0.364474283712
0.247282418194
0.351676660776
0.270350079252
0.186626453728
0.171428275248
0.275139975638
0.239437893954
0.311025455401
0.319981764616
0.323491724467
0.208686403737
0.300143099623
0.245889637563
0.116601500809
0.0123608445008
0.07361880001
0.0670971264507
0.0977004875155
0.444361460762
0.411556372905
0.0825209778146
0.29477280751
0.27533909328
0.0344614964004
0.140013703338
0.09209803797
0.104848802344
0.222855588747
0.230342791701
0.388832679104
0.0812960715672
0.174354447971
0.211668165956
0.095694658206
0.137264459979
0.286925856884
0.0346826627863
0.222348506068
0.160491897933
0.254880359062
0.0748155652947
0.0424354590292
0.471746143091
0.0821803087342
0.347835556477
0.426674994918
0.233312755673
0.146370874541
0.126313489324
0.0305952663002
0.0289099472479
0.057847414469
0.366721049352
0.498467467383
0.134230634903
0.502551448886
0.538778119834
0.147669150174
0.0487266090969
0.0347952563701
0.0559699929776
0.206228462619
0.0559054719962
0.452213713767
0.23626641604
0.432790751257
0.282907746215
0.0778182547339
0.0769930866246
0.309814008322
0.129307336446
0.313965877268
0.704129858506
0.105255934888
0.616191612246
0.601354703553
0.0901461017849
0.61893722263
0.125018635639
0.467716772607
0.77635634909
0.0436835509245
0.658915094273
0.320715397231
0.743099166868
0.178066753372
0.142761504324
0.220047571018
0.810680600642
0.00702713509759
0.915922700171
0.934178354037
0.00546157322764
0.871811151698
0.139345374443
0.553167394087
0.653688667622
1.07171305944
0.99454751762
0.885255302105
0.0967688350743
0.498274018728
1.13393217979
0.254595269195
0.08643722925
0.121457495441
0.283040898534
1.26964366861
0.754594194809
0.36147902022
1.27874461737
0.697191920321
1.01798338733
1.17699613868
1.24904938237
0.798632435139
1.09570784044
1.22978001116
0.0630006656202
1.44314511065
0.0182426945994
0.342249606407
0.53864475325
0.0281021127849
1.28453640148
0.00560806773339
0.249135055421
0.70170326745
0.0528303133271
0.250915085341
0.0161843586064
1.4893267966
0.845581697099
1.27542174281
0.269160294609
0.419632902495
0.126849341016
0.245021936596
0.98242314184
1.30030774982
1.33104510191
0.484196007461
1.16112744185
0.456205170296
1.14069543404
0.475564781735
0.952460411967
0.262560653684
0.325606775942
0.767251247266
0.814579453837
1.00243206301
0.0719375695091
0.352112142159
0.323438758925
0.928052881731
0.230500482342
0.344740205658
0.638648206087
0.145057750434
1.01337847224
0.152302596126
0.946656176022
0.313050313018
0.34660047625
0.43082760228
0.2125856936
0.70220788428
0.74753322102
0.156080255699
0.038944444054
0.332381004267
0.102785079179
0.0544644204675
0.828759047861
0.79607199741
0.160784848468
0.128466435591
0.557482384408
0.626662910823
0.687863433749
0.378193886311
0.691851332452
0.662396308793
0.395321414827
0.12330881176
0.290243899943
0.677721709597
0.289194620168
0.0529394853128
0.24246649904
0.247587664681
0.043192849294
0.25049625388
0.0747560392551
0.201373944103
0.59697647515
0.0545929007172
0.346567908593
0.484050705998
0.38060454951
0.171595145537
0.0076854739877
0.100655999819
0.0330639551717
0.418218521294
0.0108572680173
0.209319358523
0.0597098998284
0.337609391378
0.446794090788
0.156805791652
0.0222024203889
0.261223760072
0.194794941495
0.0491972358075
0.0434072319054
0.383363608427
0.162314257046
0.225373568905
0.400544365699
0.404804006806
0.372739676978
0.456444682865
0.156083272904
0.0236454199582
0.000273382662969
0.17489340024
0.465489758077
0.120270681767
0.171525419657
0.477141072309
0.0712972867324
0.239413956302
0.440113970084
0.453713225458
0.460863435363
0.0797429682663
0.341097827773
0.0633783774693
0.51857217093
0.0946065152846
0.264484576757
0.116457766241
0.34437097501
0.194109962506
0.202357381946
0.615165946061
0.619082463976
0.606567115645
0.325266281023
0.101028513578
0.21673302228
0.586494854781
0.19336634728
0.229533899388
0.145172814395
0.445696119822
0.580846487337
0.441668196993
0.271473156624
0.763848798288
0.440905029773
0.649685408568
0.7910835543
0.806049302327
0.844588219013
0.783155464321
0.599985323059
0.24056377593
0.301511294759
0.825634507218
0.507141977007
0.868192513703
0.732239564651
0.918019133186
0.012446139761
0.446064967137
0.601561081236
0.490158777815
0.996864923419
0.0195595298896
0.155798236819
0.895439387918
0.0535342852198
1.04684198454
1.02121829576
1.08216128212
0.435495060354
0.342681605745
0.0749028688464
0.376290834616
1.00540353632
0.160013422935
0.0669379015254
0.238880342473
1.08332877554
1.16772814479
0.975108666764
0.306950116979
1.21248014028
0.57656851917
0.826945408333
1.178547097
1.23972746159
1.25352302403
1.03415406684
0.990450503553
1.31133613451
1.17424073389
0.191316040453
1.1612730126
1.20810457537
1.2147171965
1.3303281547
0.702494265571
1.37157682121
0.991433126739
1.30576667271
0.370632852863
1.01844600869
0.353183364239
1.08578421543
1.35208273693
1.01112058538
0.862870466647
0.662879822994
1.43210279635
1.31507053115
1.23197032963
1.40336031398
0.780651428105
0.458080755035
0.491053843454
1.41903677636
1.15098068505
0.906726873418
0.179786507577
1.18955319545
0.246617695004
0.306486888115
1.28509202913
0.236186736663
0.40620784113
1.11865404694
0.0595076260172
0.0958187243977
0.0915887306488
0.727428497516
0.576168956663
0.665673755765
1.14985379195
0.614207230086
0.0959273918907
0.307303963322
1.21752822842
0.0732295977696
0.304482559583
0.93250090476
0.0700458195272
0.369863686013
0.335367143089
1.03717584777
1.09478005015
0.915964674537
0.778091919704
0.0989579019916
1.15027821021
1.03784054972
0.610265673974
0.121689743023
1.12812341631
0.373067591407
0.55189770962
0.480863156906
0.267756778302
0.413288928014
0.157786511997
0.975233816541
0.973010526194
1.0158730111
0.758483541128
0.919960628552
0.95836463278
0.278278430364
0.450820947238
0.723246514111
0.41914097996
0.629722646458
0.929551385257
0.331245273429
0.252587049425
0.742858134141
0.312730570692
0.494099470687
0.643005430379
0.00698960454448
0.226345365643
0.238005080156
0.452780042572
0.756751302576
0.828028576529
0.278661101775
0.634764139665
0.131847083752
0.155825661237
0.0689140595129
0.0606847690999
0.701518829484
0.0588065811125
0.669895611117
0.783305130712
0.762517766831
0.220909029107
0.765168899035
0.137656969368
0.235703391905
0.698436393084
0.128651636808
0.151294021946
0.655635720404
0.671996753379
0.652106053505
0.119012328604
0.671742943302
0.380574322196
0.537750183821
0.0613642061619
0.260329436312
0.0508387515597
0.182297879661
0.108223212409
0.0188081727052
0.267414607693
0.284272467686
0.262406474965
0.256441989166
0.392758087315
0.257121231695
0.453474140924
0.227875142563
0.00650235709845
0.194461762057
0.00735678074958
0.220617382481
0.0377355743526
0.373181101131
0.414025632011
0.330337707017
0.0928798028997
0.47747798068
0.140334763342
0.518951881151
0.17517925225
0.10248437239
0.119789953561
0.0851577728691
0.498808141055
0.429733180155
0.0577576379369
0.115377005041
0.0312044238423
0.347881551287
0.200213512101
0.166130810941
0.0507689716495
0.171619425329
0.153901681707
0.00254401813309
0.174107426593
0.210754230912
0.0958760734374
0.189123306465
0.183812224411
0.183554418714
0.179343548504
0.182666121486
0.0977004875155
0.130513495455
0.00544628382716
0.104678215368
0.0946207463269
0.199838956404
0.00724388518796
0.411556372905
0.192850235454
0.0625593379257
0.301350148762
0.13221354583
0.42165235826
0.31761810301
0.311859815183
0.136907434037
0.0689445675626
0.116692479963
0.11700765469
0.146383647393
0.130940403821
0.273098125501
0.357729904412
0.119077410427
0.0852397164075
0.418253910055
0.0107354744593
0.362824171544
0.0807123176135
0.00170278362637
0.374989447523
0.187345782132
0.448660337807
0.199193650944
0.407844871308
0.112348364425
0.00770642525793
0.263683242874
0.0159675602858
0.0662679379077
0.204406881379
0.44129004344
0.47279673386
0.169462545017
0.191201368283
0.0985269059292
0.197967791422
0.466164979744
0.131650758986
0.153366153927
0.0253949105541
0.0646772042357
0.0455022946706
0.513267801731
0.0611430207609
0.1214735324
0.359214450574
0.536116812088
0.394139365731
0.113203368086
0.0444300005698
0.478485704671
0.202399204936
0.0832560121149
0.139390177773
0.0281295619358
0.120636241288
0.544523141745
0.00283919157723
0.219843638394
0.575633643751
0.109302088349
0.498662241503
0.057864762267
0.0716149673293
0.568198069446
0.135065846033
0.393193527122
0.259811026036
0.196586620764
0.418048073506
0.610131335351
0.651487837945
0.159240209826
0.352311271022
0.0417084197176
0.596199526747
0.331826706954
0.123637752676
0.176786503155
0.00708173585558
0.0779695725433
0.268299425387
0.457391859663
0.666900470885
0.0613694205423
0.426605445432
0.00653806945003
0.737798853927
0.523210666346
0.0436835509245
0.104390368472
0.335124500858
0.0239189422979
0.0580769289806
0.675747541373
0.192924301286
0.719886236
0.853292766332
0.39223724471
0.691496034674
0.725790186822
0.154410153345
0.247595948387
0.263238223905
0.812883741792
0.59467871296
0.624783311711
0.0670648989544
0.42724708962
0.39430507882
0.489542112228
0.728814002606
0.312952388036
0.86939942067
0.755415796087
0.952560460196
0.693497777801
0.945933334242
0.852565200079
0.837007868248
0.029621467424
0.509839210982
0.507867854859
0.459741909339
0.204139672998
0.892908124412
0.508703702356
0.606764314563
0.948403046401
0.714653591718
0.149174093984
0.1114125085
1.10896930277
0.0967688350743
0.325386165237
0.073587389121
0.803467658891
1.1421556101
0.0777649387883
0.150326381896
0.943017277537
0.16970153064
0.144535888725
1.12323776962
0.661654964895
0.572458258192
0.789219452598
0.738561267505
1.19514397211
0.0626560361005
0.0211495977831
0.0436939214238
0.0116412719407
0.0168587913491
1.14979449256
0.442342489735
1.09190865529
1.12637625368
1.00627665948
1.15478590736
0.615307360515
0.0270341857327
0.065773409739
1.34301349226
1.27028035094
1.20496261722
0.483665996292
0.912576593548
1.14173509989
1.05050728093
0.608378642092
0.179333302152
0.944311842374
0.518881750496
0.0458960480526
0.0395958239636
0.804506924461
1.2575384655
0.421962604719
1.44314511065
0.0345999180218
0.0936478382281
0.00607269427732
0.232077593661
1.24566696682
0.0307516687584
1.54416094176
1.42997558125
1.18952321618
1.43885126028
1.52629486702
1.10644178063
1.50171503582
0.23422928096
1.50357180061
0.783868906565
1.46935790208
0.982159928101
0.429762046563
1.28354532196
0.0877273932574
0.275862170265
0.0642935440617
0.141746538425
0.527464966111
1.40873898288
1.39142407103
0.940348606898
0.0929616066536
1.3372825474
1.35893262562
1.00282302019
0.253525688453
0.269978195451
1.34965503306
0.695696479992
0.446141509704
0.0718105991623
1.22368388614
0.0846137490532
0.0645860240129
0.0466513680212
1.20944654486
1.13174291541
0.762640370759
0.0480931344687
0.0121350089005
0.785607833863
1.19963647412
0.926852783123
1.06190553644
1.06667621774
1.19672448885
1.19545301501
0.979704493899
0.140677625427
0.186931542166
1.16112744185
1.17287096535
0.709365506071
0.82390215549
1.15944448299
0.490106225736
0.0202300141436
0.623637947743
0.129614400609
1.10288702468
0.68904756493
0.928327277895
0.954367591043
0.95295859836
1.06410446053
0.302375591746
0.708585454282
1.02796934433
0.241900614291
0.0377120881117
0.496482458173
0.95188191442
0.232929877324
0.460470882252
0.822693320855
0.881661116576
0.976583491577
0.343522873745
0.932134517988
0.745401231161
0.919376291674
0.725638883294
0.643292799599
0.900240960022
0.862176039104
0.896055152217
0.879589981038
0.475823335668
0.158512342096
0.323351091523
0.102311619545
0.0950669415587
0.234474023429
0.830751625558
0.545878566015
0.205623406874
0.571665948695
0.800050902099
0.514465464942
0.10402027698
0.777129611569
0.222547810744
0.344439211741
0.0959265488704
0.724107624299
0.385543724639
0.211312056306
0.719668920987
0.29029152
0.734842912691
0.692258478622
0.730297176137
0.286930181014
0.68723457851
0.388377982026
0.0868390059704
0.68657080191
0.657575306141
0.694957541193
0.00611190827892
0.251045089428
0.112043256401
0.102122081264
0.307671070654
0.0315258219898
0.605538023602
0.673432616296
0.380230800047
0.201533566933
0.086734257921
0.0457067751202
0.54348403783
0.175864652916
0.338835138493
0.213397699425
0.438651792638
0.613084384159
0.519012691885
0.204265336381
0.337416809967
0.568462527189
0.266982454915
0.613937559177
0.172746058944
0.474114630806
0.0252971795951
0.587503165413
0.561740357138
0.203139678917
0.567072649788
0.554348096728
0.234267324961
0.0626621624519
0.532744376364
0.245561773239
0.370750093627
0.0216856188944
0.518006296499
0.353061187264
0.214217728596
0.422300649022
0.439110722256
0.323884038567
0.139420761514
0.0270627561232
0.451855325751
0.451605343781
0.211032242967
0.460554700742
0.0724684112814
0.243679272839
0.454715104662
0.0527356174628
0.113561408661
0.147297504109
0.209154556109
0.256568667212
0.243074417267
0.170989613142
0.128132653262
0.167129024412
0.0776331426348
0.017206470218
0.0263275215061
0.187014026025
0.182133280501
0.280685614252
0.0818071949049
0.308512637264
0.19019603695
0.307835432326
0.170954199561
0.222054597647
0.38800318636
0.216413350402
0.127459034342
0.0109756082692
0.112460297346
0.34419516981
0.200232645683
0.370823054356
0.174044666828
0.423515248767
0.367380192496
0.31595402394
0.356066164463
0.186477114478
0.185863979988
0.358708292284
0.172457921851
0.171918790218
0.455397235412
0.069365281226
0.289577326304
0.22651905321
0.323064388544
0.354874550117
0.00718584685347
0.326207654747
0.143605005495
0.143710923638
0.221926474797
0.46506895783
0.414300317798
0.0651161022154
0.177344255466
0.448155991063
0.459425227316
0.230416758654
0.417842685208
0.079708461593
0.390286036464
0.311625203941
0.279365050677
0.387869491763
0.0351933046061
0.291894736741
0.0158909810091
0.292924518535
0.15876839945
0.559456714349
0.495973470905
0.387800307574
0.0795298087757
0.0258525117987
0.506598514806
0.0672801697181
0.189408802792
0.183282561898
0.331149804773
0.0941060557065
0.575094341035
0.0475385631535
0.157391320445
0.582900305051
0.586490405858
0.171713621593
0.615711504725
0.235604788823
0.63759301217
0.627245316912
0.645995634962
0.10229681786
0.0047189437783
0.34090681811
0.116723324727
0.238561195457
0.21673302228
0.112148196543
0.600042052141
0.662732499105
0.562613901759
0.0181479223938
0.18657179742
0.418499232222
0.681812093407
0.586988188743
0.680192120654
0.359099978247
0.744916721185
0.332753836118
0.055931649084
0.231981998584
0.207032470838
0.0925540534473
0.780849599689
0.796564506935
0.332517396561
0.699639795157
0.123344189729
0.0972327782657
0.836718499613
0.813485985993
0.10888713549
0.783155464321
0.584912252668
0.898091670645
0.895143321409
0.918019133186
0.479832567887
0.288895841323
0.940727510992
0.863536559662
0.0421691089721
0.171671621423
0.121169372476
0.959775589966
0.88620644838
0.898940563947
0.821039779922
1.08216128212
1.07935204992
0.167594994683
1.08963285188
0.342681605745
1.0641886147
0.246873260991
0.530030282841
0.768934485375
0.204780565153
0.92632921631
0.815378019865
0.889792726434
0.313226285399
1.08311401833
0.864163103053
0.185617641328
0.389922541827
0.306950116979
0.549719826049
1.14275930675
1.19829998498
1.00044385545
0.325498914182
0.335339889934
0.34404427032
0.895937595994
0.23306073287
0.233959934755
0.077782001763
0.909164870275
0.647726214867
1.31982660977
0.250870691236
1.19155295821
0.260898361229
0.0644041813324
1.2234208735
0.692080088492
0.0375687485309
1.07395877309
0.886261213165
0.103687355541
1.40019424949
0.574124087177
1.23730561765
1.19481156296
1.34063694546
1.39531614963
0.613862025457
0.319088008469
1.06110097804
0.106997686175
1.46685214577
0.128453136621
0.884775515981
0.692625809759
1.19147786033
0.159510547438
1.18399672508
1.48163913522
0.329290893898
1.39498236587
1.26900322354
0.470069881272
1.49255275635
0.81793577297
0.356804008481
0.611068103709
1.49357465633
0.905282706982
1.18337078355
0.184948874032
0.352844811019
1.42854138365
0.696553136452
0.820856735822
1.27327308081
1.09986757591
1.21970388591
0.345622780341
0.158872589329
0.55433895292
0.943285600277
1.17399472576
0.997440929445
0.587795462911
1.25356098305
0.309289103376
1.20324000147
0.690967713126
0.122793900831
0.986578105006
1.09345424444
0.69825899374
1.05333541336
0.221861143002
0.606734635958
0.614052374407
0.428306632839
0.0777783488657
1.05208493961
0.16359041486
1.03368220238
0.356212998512
0.190903567346
0.868563458549
0.647145895189
0.771246228573
0.78583187389
0.360536077067
0.769459821761
0.0740913004281
0.775286497889
0.77001638849
0.702869566397
0.0669128948647
0.724847731761
0.0718991078882
0.0726415179167
0.433003705464
0.123923092478
0.0156563238496
0.513996693067
0.733367647467
0.130561165525
0.583901519819
0.718981496227
0.454430574352
0.31364271154
0.211613030676
0.294210726531
0.725205445536
0.119012328604
0.222514718885
0.206381464472
0.351009696022
0.371249179753
0.0824996435017
0.601484215164
0.453728961803
0.34232126443
0.291618830586
0.60959051774
0.445470709319
0.450650920028
0.389502601513
0.229376301733
0.126679684675
0.560043955502
0.434956682882
0.158464729559
0.210293768498
0.385537689614
0.444932133972
0.51350193163
0.233200096296
0.291118851507
0.513081371248
0.281896116532
0.108706678589
0.398995997618
0.0431829667778
0.0684471961091
0.363414482808
0.136756175543
0.389851201139
0.258596207642
0.289755315277
0.0507689716495
0.193319044206
0.11049656544
0.4722194783
0.0970704074804
0.465226034808
0.183787118584
0.178397324096
0.0715625979446
0.31756684526
0.43726941104
0.395066502458
0.339621626745
0.0470212379614
0.120050446127
0.219444891854
0.112055269959
0.0791393793813
0.39326476546
0.273098125501
0.410782838126
0.422717767907
0.396873628277
0.0479299957037
0.151103224983
0.0852397164075
0.108325143384
0.100249811129
0.394006607151
0.0366232090699
0.402775000355
0.0633512400038
0.0285953794512
0.32192155781
0.0152324687373
0.163014936156
0.195927094546
0.0773581251031
0.140294858107
0.247794486178
0.0499610622341
0.245952429283
0.395214528623
0.108432764488
0.402531724055
0.073241961324
0.424373936082
0.206189521515
0.467147600563
0.471832035984
0.0662679379077
0.0860078828108
0.327384508909
0.212491437288
0.154157538745
0.362748172793
0.283857114514
0.134228242366
0.243748132903
0.168545486757
0.356477835028
0.514368048334
0.0487998606224
0.513267801731
0.0661219472393
0.0445763339258
0.415725325631
0.492220424866
0.446680862182
0.51145885636
0.154525677179
0.147553504979
0.443712462873
0.352208910811
0.483570413927
0.484398905804
0.331075373639
0.124460446604
0.303660680177
0.467811023418
0.456466752983
0.0529721653475
0.0102867329103
0.246236887529
0.450934470313
0.578806026428
0.0235965592138
0.570482785534
0.055290668573
0.235261100429
0.406609714426
0.27332998734
0.0751101797733
0.00575441011658
0.0193476532151
0.209451383337
0.0492375276812
0.168025501779
0.131177960194
0.540747354991
0.00555183737313
0.0249280642474
0.0157137699295
0.00350457939933
0.120410577419
0.166221040051
0.190733516154
0.67068310349
0.138828440335
0.0233295358807
0.584627443805
0.0347440761992
0.0658291384492
0.0163165137822
0.300691076081
0.218444700641
0.344835345335
0.0104685954264
0.144091886736
0.0860071206707
0.0360077659465
0.258226229515
0.0908204478693
0.795150127113
0.808437203415
0.76062638342
0.0989997381415
0.0525265996173
0.830424434925
0.0405382159583
0.770878003812
0.69110341694
0.842696978377
0.750211642259
0.183007178895
0.173078433194
0.647631751462
0.0656453834558
0.857121038625
0.521481553828
0.139256356848
0.313278270202
0.107921761439
0.852565200079
0.628644250392
0.673016209918
0.851027686876
0.952762870629
0.213375386581
0.743117237117
1.01161521674
0.374288694002
0.213685318237
0.0723304189943
0.816151015889
0.920602536515
0.950598274471
0.554104784796
0.254158993262
0.624072251201
1.05764911529
0.935262207747
0.0545136834732
0.818889251767
0.768724004221
1.21787258816
1.09039955517
0.0151009617872
0.108938987257
0.714899133765
0.997077206407
1.24683087787
1.19499893017
1.21198163596
0.361068833888
0.0361263996912
0.000433354089361
1.10780443741
0.483665996292
0.00877797109148
0.778525263035
0.487091471019
0.00889695814884
0.0582680768763
0.375911306995
0.0889330414134
0.0876807577146
0.57750714887
0.792718643679
0.058816808181
0.0497353117909
1.24449304361
0.0117207733264
0.558456680979
0.0395958239636
0.661373877742
0.831045214514
1.25499899684
0.392355081518
0.202194756684
0.182020744266
0.653517278768
1.39260719563
0.170728415457
0.74483592176
0.89552191634
0.0454203885325
1.51818824387
1.32171870569
0.798907011596
1.42058781459
0.41335673847
0.89452331111
1.23616177708
1.36560653362
0.126999939583
0.855580307096
0.228461667782
1.2949695362
0.901880760706
0.352770334062
0.806419809281
0.73942428107
1.18705573773
0.546853548868
1.08560961097
0.185810044631
0.399762606273
0.207286565666
0.86562743098
0.868560959735
0.431181894767
0.935030152603
1.15930328026
0.588196109398
1.04424485676
0.736847904203
0.525420156351
0.0672829088844
0.850073419243
0.00229982459065
0.290325152955
0.923697209334
0.475373335402
0.095448713109
0.462334962346
0.585890755098
0.290538766503
0.0263539125675
0.0651631655804
0.0920646691716
0.219816122265
0.811477410038
0.53515582333
0.687333038829
0.191251284126
0.0665150751754
0.640423050478
0.683954190953
0.763161271484
0.649749846381
0.80296016447
0.571665948695
0.522629163863
0.312093078188
0.790647815597
0.780794389602
0.179294492047
0.672180106867
0.57064397531
0.520834785079
0.343626408826
0.210807282787
0.181385211045
0.636812373473
0.605538023602
0.189800986657
0.356923935197
0.648220299108
0.0130431649378
0.620536637674
0.344518027964
0.536178293957
0.190373542869
0.593232149598
0.401971475316
0.265479607733
0.370364853598
0.0456245230261
0.476078637802
0.254890169387
0.00491554992609
0.478613707607
0.127605436129
0.0176569093204
0.288259272245
0.328897448067
0.365123684982
0.184570218344
0.161966993866
0.21515801934
0.4683143817
0.457577386598
0.271145305795
0.268962229375
0.267988604212
0.394946149769
0.447275926242
0.334327839848
0.170989613142
0.1863468417
0.233597489332
0.308512637264
0.156511167212
0.173341177
0.299408540825
0.301690875541
0.0881961309938
0.233571438351
0.336729030711
0.0596002143628
0.208946195764
0.367488131618
0.339618650907
0.171671748483
0.284209664015
0.370013907487
0.115211791422
0.379651570473
0.39240722943
0.291082660402
0.101650255934
0.447847505223
0.280161768987
0.326207654747
0.0809289717122
0.322449421065
0.476809105619
0.177344255466
0.484610432958
0.131158502113
0.0739823687667
0.0438662892169
0.178775302862
0.36803895493
0.228652213348
0.226688317981
0.230416758654
0.254923943828
0.0605721059962
0.529819930548
0.191811123226
0.45069022721
0.126309369076
0.0180819487661
0.332064532933
0.0717877987427
0.15876839945
0.405461497519
0.064895508749
0.300426025683
0.0617739149388
0.470478163262
0.0672801697181
0.214984898643
0.0303882184633
0.110430374501
0.301922185963
0.149378692977
0.606829251382
0.527402824478
0.0736104208888
0.0576213355616
0.207269454557
0.202917865663
0.262427366589
0.232042104863
0.202749219486
0.261030823567
0.147949960689
0.658821781724
0.277950666482
0.737476719009
0.32675603767
0.478657811651
0.687377671431
0.570976244536
0.691009448578
0.708641311289
0.652313796708
0.440871154823
0.783735724091
0.120517615041
0.765798396447
0.327906948361
0.496597305086
0.607409341367
0.58488477988
0.782458244772
0.855647695324
0.225623428576
0.87346793197
0.665674564102
0.861481396797
0.181505418131
0.102778140024
0.663556419638
0.166572949884
0.266809115224
0.770092142904
0.23221384578
0.926452259534
0.975684542604
0.185410583982
0.901340165834
1.00902630057
0.438763330582
0.506168525233
0.968428234493
0.0450005373177
0.187018242938
0.0162716277036
0.24940864888
0.0342910669837
0.0746549977086
1.06453608543
0.583091084342
1.12606144381
1.17384764979
0.174249211147
1.03466862264
0.101444548835
0.00914755159762
0.373765138894
0.351043251106
1.21835124696
0.874484431062
0.115369292099
0.354907039815
1.26285750033
0.0550502632164
0.925262240248
0.928369121291
1.27450522437
1.27449591523
0.996445256079
1.30444731117
0.886395047444
0.436536373378
0.941405233147
1.40806871464
1.12384742185
0.0518884664705
1.43540798028
0.576127315911
0.795373645219
0.884775515981
1.08573921755
1.51883637624
0.57309223965
1.52297263316
1.44648687912
0.989255440769
0.792653797488
0.0535690626413
1.30444906214
0.77429503886
0.510299911741
0.267645020943
0.750511804001
0.438393805895
0.860355400846
0.164024712638
1.42639516588
0.84800623428
0.175881249151
0.00640967661366
1.40738323307
0.701609974965
0.786705352392
1.26845560713
0.60783131359
1.3457805103
0.555769834185
1.15802798144
1.15761083099
0.727104170847
0.909332145065
0.0777931840002
1.09188027158
1.18129276702
0.736520049809
0.734715374482
0.27563623863
1.20506658639
1.18769621243
0.160295404502
1.20324000147
1.20017153059
1.05223331309
1.02140754419
0.350981786879
0.0366708126454
1.13130718632
1.03483116801
1.13957026295
0.452709337287
0.927175813403
0.239935057991
1.09478880715
0.161921703191
0.428306632839
0.492303714451
0.210733431515
0.864335894603
0.97763071406
0.87805413321
0.729495672897
0.837576359322
0.457927805418
0.811454386596
0.589777800891
0.846050442828
0.369892038322
0.894021775523
0.540573042322
0.466310967143
0.8966653611
0.21621159699
0.771246228573
0.571350696241
0.953866664071
0.949221040447
0.28135487435
0.915194944638
0.14672743237
0.798077246883
0.791396810111
0.427221661154
0.30038334286
0.154546253292
0.286926129074
0.432805771797
0.820415686973
0.0763662026199
0.381117077353
0.0738454891224
0.0978147446406
0.325374088802
0.51376240822
0.324142683179
0.229243059602
0.587004838235
0.0252011520893
0.169985174774
0.00864349473401
0.522156468938
0.507345621968
0.453159699515
0.426992431089
0.474853445788
0.266477402095
0.596908934976
0.529830497848
0.221183327844
0.396151044577
0.620032374431
0.0504290493416
0.645246907919
0.247451900307
0.240615597137
0.302017246409
0.57564360848
0.208380414698
0.165854503093
0.19249978888
0.217016610823
0.123198728704
0.362293900887
0.385026692256
0.278973165324
0.260786230313
0.363668629653
0.299436153965
0.466160319184
0.130518564744
0.258271139996
0.576362446944
0.0418777578276
0.565424422365
0.251288705599
0.240506645334
0.449467969524
0.177722559225
0.243817041723
0.28897951276
0.240758597242
0.507753593062
0.335777471579
0.358228710407
0.50905800522
0.518955423336
0.0861692494227
0.184948715252
0.0523715116701
0.168641054105
0.34996482592
0.185168060064
0.30990153023
0.0634867860127
0.187685065828
0.475312253721
0.29275267884
0.126521630101
0.289755315277
0.0359900811235
0.0288809323217
0.435138479331
0.308443690839
0.135140787135
0.0243632654195
0.166153852406
0.393579141047
0.46423877857
0.159622496033
0.119622839473
0.0420451231688
0.326629561823
0.102679916813
0.340892700646
0.343293887037
0.260793529104
0.385823836755
0.0375902791269
0.00966282669761
0.0455388490182
0.191746057873
0.44663992327
0.13564316594
0.386782972293
0.186323593326
0.250167351719
0.0511570675805
0.154858135085
0.300117187205
0.172665639119
0.367409380705
0.398319337066
0.132042392763
0.383915272161
0.107643994136
0.0940999865594
0.0415015841412
0.0265181176219
0.0491073591546
0.372373794272
0.388096995384
0.283792223666
0.0183366501353
0.195927094546
0.181102053624
0.28446750659
0.346858510163
0.140294858107
0.361385858517
0.324540540213
0.0221561577986
0.456882165401
0.445336930064
0.0282855013583
0.246375610287
0.150397409993
0.0306601499602
0.357026086212
0.307176769159
0.463791325861
0.159927682536
0.00584760941726
0.394179527833
0.013046898621
0.263373259195
0.12823680901
0.335488940909
0.0075804244969
0.232922160095
0.0954768295831
0.502039893069
0.27017405592
0.00277209503498
0.128828782687
0.0442349838952
0.172748411143
0.170183383761
0.0112222926445
0.0488684445136
0.010419349003
0.0177293332216
0.372843763787
0.0317957688677
0.545693971621
0.434285069227
0.433657689965
0.00483198198847
0.517079184189
0.00588308298005
0.58559584224
0.528360703131
0.0604142133126
0.314916545339
0.450934470313
0.274780552935
0.160584327817
0.060926635935
0.0690410322906
0.616330339946
0.543548469967
0.000421598738814
0.436092041004
0.548419292672
0.131177960194
0.517545911681
0.264072637955
0.599460437078
0.401476042345
0.596240939912
0.25211793508
0.269826128905
0.285770224302
0.0867668949748
0.0278915673783
0.354232639461
0.675050055568
0.691467984807
0.651748634474
0.0806294592514
0.13208773953
0.016169277786
0.756570875886
0.315640538152
0.0541184147659
0.00656894606166
0.0898385557975
0.587375411096
0.580583414391
0.16575507967
0.161969093924
0.0851832244741
0.808465757614
0.731452441423
0.386774293273
0.821284893258
0.825697665954
0.817787036541
0.858726807089
0.597165675287
0.86483945095
0.0167937269745
0.829210243607
0.791853670536
0.621396251641
0.239465913448
0.156913555889
0.240239731177
0.0843347865796
0.315355649766
0.187778947922
0.688125141812
0.838433071841
0.898827155691
0.440868760798
0.0977507003793
0.945577506642
0.204828504755
0.254385861904
0.958879966982
0.0780657167634
0.95431118519
0.020529386072
0.934766116948
0.247978563454
1.01787050899
0.940901582138
0.978933558769
0.879559537269
1.05739799268
0.0675456034714
0.731229280052
0.163689936429
1.11751482842
1.05902486057
0.816151015889
0.38410729031
0.0257068072565
0.554104784796
1.12042901126
0.376346218525
0.0689210813797
0.0652011603623
0.282011669169
1.22590392287
0.0193771089467
1.20955450761
1.1729375427
0.748177526666
1.14570101137
0.105160657038
0.992762589349
1.13428158467
0.47331027449
0.606288888076
0.256040357941
1.06853456345
1.26281999049
1.11166209694
1.27646092157
0.93117520953
0.414637763986
0.267896465437
0.294126727614
0.292992753999
0.888308318868
1.43078000059
1.37339838199
0.838884922958
0.331659267806
1.0314109728
0.123650376407
1.26101558894
0.681710441093
0.149612248962
1.1939372309
0.788930790548
0.0593086918846
0.283499656681
0.721472618759
0.335350389976
0.696232714607
1.15233768736
0.126210038285
0.514219413656
0.10271280252
0.449967045762
1.50162294937
1.49867086688
0.986092753662
1.49407960289
0.0945277640334
1.40540760505
0.961211023144
0.653244322164
1.44069998882
0.0290667744724
0.629288231626
1.19625734229
0.835953969186
0.550719823974
0.353721649377
0.371539579458
0.132174173546
0.833976028474
0.0177745141957
0.742076591096
1.2364404826
0.187719585434
0.764831340317
0.0119423811428
0.838518447898
0.919220538778
0.73739885299
1.00570058146
0.0713065014062
1.03423308163
0.803584079957
0.718533509773
0.203920643795
0.159150972003
0.543401068311
0.796998730443
0.990337876285
0.998300535378
1.00623879776
0.535015714025
1.01845747751
0.76509847719
0.162335154365
0.20129256427
0.952367230324
0.0532548482555
0.612995223431
0.946318456689
0.802277127605
0.464686382894
0.338217074959
0.0750687689284
0.623391946379
0.258582488494
0.337506600872
0.0165826542507
0.861860847892
0.727512003048
0.0630926902176
0.667913166333
0.838742851456
0.194662714116
0.823103185434
0.225542675417
0.0956821377522
0.241569346185
0.415110235093
0.606172810093
0.110243843781
0.685176010187
0.780794389602
0.00680349206886
0.399383659048
0.683798320887
0.73433289774
0.421924967105
0.551734471711
0.294731066775
0.300677164567
0.676041365851
0.723414469171
0.720603124681
0.276945932038
0.358234673678
0.696251846754
0.60678849001
0.231262689132
0.447848958877
0.149344779046
0.549262530474
0.393823788496
0.504251691044
0.382601384738
0.0846067087863
0.624278836552
0.0267676580622
0.640187948322
0.338648036764
0.576163045293
0.0528117545217
0.619821469124
0.0503739910801
0.0656405995728
0.145069651147
0.20898990742
0.410566473072
0.0360954189129
0.00307259258671
0.282488156645
0.234723699237
0.0196567651211
0.585506880988
0.0150443390057
0.374788577855
0.503343465655
0.0577428234631
0.444324990052
0.42805340509
0.00985230769779
0.479862162658
0.180396733843
0.466656851985
0.161206606789
0.310602819178
0.166916559861
0.373702524559
0.407589422437
0.338544965076
0.0323522635466
0.18206075589
0.17198832409
0.155342929334
0.421524409596
0.271145305795
0.436829645353
0.246475326189
0.0288094587102
0.1863468417
0.142580299867
0.266339639099
0.380671124923
0.0288605526621
0.28802966815
0.166672345893
0.31207216155
0.371593443077
0.0245206008332
0.149153066999
0.147975625883
0.13011403476
0.0881961309938
0.292355443259
0.434876670054
0.363205965565
0.0855035539209
0.299038738559
0.189774056946
0.144196109626
0.255022972892
0.285776895024
0.309166753347
0.0290695692795
0.152364875105
0.0483328567776
0.378872560862
0.380184905286
0.379651570473
0.291367254664
0.38512778866
0.183056697492
0.409405751146
0.00642987568765
0.444783118198
0.155189453199
0.428822586282
0.408428759614
0.0477983648196
0.0808715479707
0.0182747856398
0.207616938491
0.229408988224
0.406289284031
0.217578085463
0.239956014233
0.0739823687667
0.497759956481
0.298602400746
0.499120739723
0.0710530181673
0.167890032941
0.278137608529
0.448682260377
0.480276443679
0.048945943498
0.0714442547825
0.439715365673
0.373987090462
0.0398430542744
0.464447989502
0.258232242869
0.47056898055
0.134842432521
0.591080479778
0.542811263641
0.591980753247
0.468727583992
0.601145643291
0.312045461076
0.0321949969069
0.618124181162
0.268918855617
0.586803492628
0.17221448781
0.1028819209
0.661064514083
0.48402820205
0.25300702525
0.0842511227334
0.632451764683
0.272043376822
0.46661137423
0.350157150265
0.0176855216587
0.430821394713
0.46102005703
0.761246132737
0.026778349937
0.783952193271
0.330320981234
0.647162359942
0.113510860774
0.807992601633
0.260833110776
0.721488997644
0.406882616309
0.607382772956
0.117542893645
0.840912403898
0.835976038457
0.45004789598
0.87346793197
0.875221471929
0.832670008202
0.857595677416
0.896031961962
0.850739835678
0.778444158167
0.129963479722
0.908661096398
0.292894869951
0.421700578559
0.12039942253
0.690621117364
0.930333848966
0.557287360983
0.740163731532
0.530628144083
0.617686818491
0.539783492423
1.02604782084
1.03081502196
1.05884095159
0.0303598069022
0.889839178956
0.0241678613412
1.08476425355
1.01842572554
0.167262957072
0.0138867894269
0.418999555188
0.378095674198
1.09510474625
1.11048966095
1.05217965471
0.625778131348
0.950519855961
1.01757186127
0.854605530389
0.707413605141
0.910266494902
0.133184785096
1.11993838154
0.259943083436
0.373765138894
0.125253439374
0.597975855562
1.18569820093
0.25108259827
0.711127755852
1.02346476085
0.0550502632164
1.02122300216
1.15994326078
0.298296056184
1.02640565023
0.907784962325
0.268632510478
0.556679688542
0.480509169334
0.725057659522
0.798784614158
0.246502120626
1.40000972486
1.39746263676
1.36469882603
1.41829653473
1.16894461515
0.0454556723593
0.937095465078
1.12822400202
0.0644493997761
0.761177797241
0.899112255052
0.0128761515806
0.815468539368
0.938843200561
0.792653797488
1.47463479615
0.224647353452
0.209079037539
1.45512053372
1.08821732235
1.16202302334
1.46948983678
0.177974319637
0.90724470716
1.41439832136
1.31738243547
0.635948459569
0.329405078836
0.0712458362292
1.26313767682
1.26795611145
1.3457805103
0.555769834185
0.836629330706
0.727219441886
1.22252558261
0.736686523659
0.983420846819
0.752335180012
0.000416626294131
0.0143824160981
0.262979883112
0.436195836119
0.734715374482
1.19763850435
1.1950187803
0.826882498283
0.0876246532189
1.21562389589
0.325549198527
0.454138968291
0.0803306236722
0.989723584093
0.0155255514927
0.121661913339
1.08278659005
0.452709337287
0.0356358828878
0.563565364567
0.975972617722
0.794363205851
0.926407650695
0.756399325616
0.551855064592
0.955314302042
0.860991924407
0.620397205651
0.166185553659
0.428606879993
0.899770658707
0.671747999571
0.851314808459
0.59495415152
0.0465631206431
0.543808039962
0.762840717321
0.65563842078
0.684335840777
0.572158078328
0.625126270107
0.33372652203
0.583105022408
0.725058520703
0.679745586414
0.82925210819
0.820415686973
0.352125936104
0.381117077353
0.0573505111092
0.730686631326
0.379444276122
0.695612602639
0.563369055289
0.632470014712
0.181259727973
0.66080395524
0.18587555017
0.57473675352
0.737868971084
0.0721810360265
0.307593648205
0.612093806126
0.594243841264
0.663963089537
0.104363642837
0.297209011168
0.246631470891
0.247451900307
0.314330172031
0.0617034692838
0.276137884425
0.20299564965
0.388109528226
0.394153862608
0.498130715955
0.263084645356
0.576506533433
0.519544285484
0.537534901001
0.473232206693
0.0514993480439
0.554625563953
0.112851661368
0.17945117122
0.335777471579
0.151692586992
0.401334352056
0.428684194909
0.0523715116701
0.323460425057
0.185168060064
0.130783393483
0.134383748269
0.287667208703
0.133681460124
0.305907129122
0.259298604799
0.0504206283074
0.403197027527
0.304839473057
0.0243632654195
0.0396775757946
0.0662723865892
0.00650131696253
0.455915860053
0.345290726525
0.0232844984608
0.126497083002
0.0294933198669
0.324328975983
0.152875617611
0.329041481827
0.276026505629
0.365325976801
0.274127633537
0.253057731367
0.00396368659617
0.300117187205
0.115269675607
0.282795510089
0.0112861776606
0.245252374034
0.12090494812
0.210362940296
0.393336921691
0.334429573298
0.139948595486
0.216036829764
0.394657764272
0.0592112951791
0.0830454210372
0.289317122006
0.0376866353595
0.188282344701
0.153741621305
0.179857734824
0.0591049373081
0.411876583269
0.103990348557
0.273442457073
0.445323845281
0.0162891002262
0.0157226129325
0.00537652142028
0.263373259195
0.144556554237
0.165606125123
0.428447877213
0.0267877375155
0.501454330982
0.136764145839
0.172748411143
0.156591857015
0.370008860892
0.102753453068
0.149082467717
0.0519580376929
0.290532463192
0.531145993708
0.345786990532
0.157561587648
0.543819103611
0.57691715555
0.456778556048
0.126372389032
0.0352619468008
0.148026660999
0.146829574523
0.0811151891483
0.309643195989
0.205295562984
0.14410210225
0.168470013477
0.549316766984
0.467829811097
0.0371863440931
0.0808216953173
0.341805126769
0.652662325172
0.0314978121509
0.649865723588
0.141815382441
0.556796410774
0.251805083084
0.315664258803
0.687686185748
0.486266949657
0.491099947735
0.697225651228
0.41059840932
0.62334164113
0.22829962042
0.212481467418
0.660372722141
0.00936635263437
0.688523523029
0.676764711922
0.551819213172
0.0463122299739
0.692702482508
0.173060507238
0.654805406821
0.596310174241
0.340703026753
0.173979032435
0.037058981838
0.0291275671103
0.212077266618
0.690638554967
0.712297564308
0.967753157623
0.382478957751
0.229448903017
0.968128362359
0.993403547715
0.0841675559004
0.836821667467
0.221938269631
0.0376011015649
0.208809513194
0.879559537269
0.322003940215
0.663620419141
0.792931226343
0.292739471401
0.513966740442
1.13622539868
1.04511704792
0.851766358993
0.121332019418
0.524094155962
0.509569253536
0.527429414163
0.771558759486
1.16268681297
0.376346218525
0.987475722073
0.0328422428438
0.496595672526
1.22165305704
1.20955450761
0.484720273284
0.924571714982
0.817381950888
0.872407340049
0.115536897319
1.08389395795
0.133676194745
1.33018100512
1.36732050722
0.416775624673
0.267896465437
1.03868295294
0.298459892948
0.193770137341
1.22558175512
0.374991027785
1.03309447688
0.136973069947
1.27258093936
1.39385771641
0.0426881268025
0.00985211728936
0.949349098114
1.37542083849
0.413732380246
1.49192820486
1.52751543041
0.997554800756
0.558475369975
0.716237720042
0.903004391895
1.2282028202
1.26421849485
0.638912110122
0.126850025973
1.28755081016
0.7441946325
1.17000962962
1.34879265651
0.38664075135
0.48346959887
0.929439288803
1.21778580741
1.20760367478
0.114912405767
1.16536505847
0.785465543761
0.980173535292
0.73739885299
0.0271589345248
1.13000955771
0.379337161537
0.369160943326
1.21192609928
0.750095426425
0.803584079957
1.14847613385
1.18384239841
0.430818029884
0.122120823342
1.02552277938
0.30213783383
0.651049347102
0.274944707209
0.394999483504
0.112386610896
0.938662818445
0.225026512868
0.201337406166
0.910038224096
0.469491714302
0.536178529793
0.2073488102
0.87024628272
0.143500609856
0.744700105446
0.413962204728
0.910114257949
0.704809900864
0.348918011272
0.905878037307
0.347426397955
0.854899564152
0.683920063111
0.432058700499
0.194060133081
0.794785066125
0.841198047582
0.603683311554
0.0906422239733
0.832505715428
0.0714158360933
0.462216230237
0.415110235093
0.44571524812
0.606172810093
0.638236379622
0.250250473774
0.377787393167
0.757045721433
0.615995157475
0.200858978642
0.164870417582
0.52275568621
0.270865644372
0.181377283808
0.632702389799
0.708614882872
0.436431068315
0.56194158673
0.114297561817
0.149344779046
0.663443845644
0.12602733292
0.148517866074
0.617939441317
0.515687439589
0.607009464462
0.432160578388
0.282488156645
0.234723699237
0.593351962295
0.0891163345474
0.098316781376
0.182108414788
0.0228998771682
0.450977419902
0.190463082243
0.325751885862
0.101243605321
0.147023997734
0.184882260165
0.25422606517
0.4068825946
0.503522312673
0.0500555339825
0.0483283250194
0.461487607226
0.436167460746
0.474960324739
0.316453992613
0.364574400462
0.179795977127
0.286123614525
0.107587777646
0.0602298486356
0.231335945089
0.284917260234
0.164246786999
0.223156845781
0.284832492622
0.183860343538
0.221738792842
0.110222727065
0.260325347423
0.212372731067
0.0288605526621
0.276416299198
0.394777630211
0.180363014302
0.291862319683
0.264720690569
0.00486704115347
0.323371270761
0.409646382387
0.206405772413
0.0838577667856
0.410731323054
0.246337846801
0.430882074066
0.123271366802
0.0508228452565
0.122034955121
0.288330520406
0.316515378332
0.160503767747
0.280038496396
0.243791985633
0.366499711089
0.0456352322453
0.0143989656605
0.356128008683
0.330779557682
0.0777576814425
0.129665748723
0.138279622192
0.217681899602
0.512090307137
0.168333297983
0.479160115055
0.421737806508
0.126341713393
0.440074192773
0.185536092124
0.129444340403
0.550530812059
0.492585362896
0.354837208324
0.134842432521
0.560151146926
0.0484268652217
0.169712458193
0.423359157446
0.184449906526
0.402230690645
0.267798827917
0.131494679668
0.617318568664
0.378473406738
0.136881500514
0.210115661528
0.214985573311
0.665152733754
0.125354477943
0.223598801983
0.272043376822
0.0364950385141
0.70343646256
0.707906700622
0.133337423636
0.295993260998
0.240102842021
0.169442029098
0.550074913915
0.0689412785892
0.800730439324
0.670527268159
0.509276980305
0.133182753156
0.537317884278
0.0568800604817
0.0570627022306
0.7188232322
0.614660249059
0.847001309713
0.339384045823
0.0463243731298
0.0173871301458
0.453169343889
0.898814630995
0.156695028864
0.922191067055
0.908661096398
0.0273421665594
0.916738158606
0.267990627209
0.925897433632
0.790888855993
0.0110083627175
0.942543798376
0.772934071901
0.713660263988
0.464242979524
0.705346941335
1.03081502196
0.860311147739
0.703011693817
0.76698974
0.0460184077255
0.25023319028
0.94474074634
0.857166094149
0.434173902902
0.132887640859
1.10548620936
0.254205644618
1.04502696609
1.1431126426
1.11908536581
0.0424125211767
0.780431079522
0.831590237806
0.899140119699
0.479535655379
1.09095541964
0.0304321363559
1.2215789872
0.368083622796
1.28089644103
1.28926266987
0.787225051521
1.23137373536
1.31578901453
0.119601325451
1.12663512246
0.112717146277
0.188772303641
0.906179798723
1.23373004619
1.15956530433
0.579434523364
1.37003956893
0.0734948902461
0.54935846908
0.99702616317
1.065620256
0.391260796866
0.971595795754
0.100338491634
0.480509169334
0.421209184256
0.537229186927
0.127843132115
1.07513270029
0.160116845329
1.48004078238
1.15467696191
0.659807742472
0.983992453194
1.41885462892
0.0390248264939
0.0631024254527
1.15124196799
1.42231140914
1.22496776098
1.35293307683
0.524748200321
0.4171863461
1.30012158338
1.45806851073
0.0593490412373
0.558316246586
0.206632462558
1.09604170383
1.19458612381
1.16160819461
1.00518756865
0.0779164614257
1.01388749064
0.0242738470347
0.291588017864
1.16103852544
1.38061257775
1.01888839179
0.899730700781
0.777397473326
0.337885554289
0.0473324329352
1.21724904925
0.101881980162
0.375385643275
0.655147881555
0.448266148541
1.07348082261
1.27633498197
0.111234547733
1.24915534845
0.0853796070619
1.10619041214
1.23394563207
0.522069848515
0.960046591322
1.12858139621
0.891643402082
1.17690673635
0.0414554635191
0.485261946586
0.645562618498
0.191512473055
1.13604068405
0.614626433248
0.401870665795
0.546339978773
0.209625681495
0.0531165094541
1.0436591204
0.643768381418
0.926407650695
0.697972708944
0.756382912332
0.540925632939
0.0513920931758
0.896185503207
0.295583078007
0.377889552908
0.904804306618
0.332426322991
0.742473138589
1.00780881669
0.730609445974
0.999968070704
0.0870003473141
0.851314808459
0.999675926704
0.898097003008
0.811075981633
0.55737463638
0.0849503348918
0.0619690963517
0.612337788495
0.767204733051
0.319604268748
0.563006352114
0.541744757894
0.50577347558
0.911611336622
0.910760134244
0.803742831731
0.81922288526
0.868272628932
0.570845445831
0.367396799158
0.38358174919
0.777035581577
0.0144331248899
0.823302837691
0.808753156779
0.625446924137
0.272808368918
0.818739723963
0.727436461298
0.259589332062
0.802868597322
0.562722286726
0.0759351882668
0.670998943011
0.769819063657
0.527074770767
0.171602519812
0.597450428357
0.38412873037
0.0923517521748
0.318111480212
0.744562042742
0.319040309996
0.072956933406
0.183020369191
0.70237853676
0.142273513334
0.0721810360265
0.190663321708
0.486140277634
0.021251624086
0.0870674763242
0.725766810084
0.563817636274
0.417813430009
0.406967417665
0.541917063488
0.145724098942
0.424104609444
0.609539999643
0.168924680172
0.127906243282
0.512935098398
0.383734692895
0.494066876242
0.501401667479
0.306458464039
0.586510731387
0.100815454817
0.102148190155
0.593180651138
0.21389962913
0.117621170713
0.41462825198
0.580803553475
0.435893508527
0.337816286205
0.230837269047
0.187703907497
0.103025000766
0.0848836301039
0.53536498119
0.40830501166
0.484164912405
0.442120250257
0.370216031122
0.0405529711851
0.520537588806
0.0613943227807
0.418880188207
0.416129061004
0.175528615317
0.161177060762
0.0907073138948
0.0797904404183
0.474668549432
0.401334352056
0.424416628596
0.432672208681
0.0748328163183
0.313604502655
0.147388144903
0.444651722505
0.35251974123
0.0366632015292
0.201381809758
0.132378515289
0.429551456438
0.190889846471
0.317213679038
0.0616970720098
0.0385740277149
0.192853488066
0.151763012102
0.376951611743
0.0079300465321
0.463867002094
0.189285855348
0.359246607482
0.267136812929
0.183451424545
0.455915860053
0.070339477133
0.384274096114
0.243337722202
0.0267668653444
0.0122346738875
0.0118210036067
0.338125687411
0.0443266664652
0.365325976801
0.289758960461
0.253057731367
0.0132936098828
0.269592459712
0.23175076989
0.407223495994
0.175907217213
0.256921232529
0.00743740317771
0.171959884637
0.198773461825
0.175212289103
0.323485181485
0.144894712854
0.232798301012
0.0191840783085
0.0225033531054
0.0593789524006
0.124942301604
0.215101635051
0.139357658186
0.35056729483
0.282599767396
0.333311390259
0.275603793676
0.063648698048
0.171268482341
0.182803664841
0.326512007804
0.300737952638
0.155370142007
0.0994715868793
0.0435107565853
0.175506635448
0.301647347437
0.358404185446
0.120088695109
0.453209576804
0.119558040574
0.256432457606
0.0609475666774
0.134505188026
0.131081309257
0.361803168854
0.020724075155
0.0934635793013
0.248767178729
0.150244303964
0.32002123942
0.223305096704
0.0162891002262
0.0117258449427
0.342792051036
0.441882577869
0.304855482275
0.482468723023
0.307929263216
0.279585973233
0.113734905824
0.0279031236556
0.276105134383
0.330897841674
0.024472127264
0.410686271885
0.0678826701865
0.400074882209
0.152989554706
0.215973874277
0.334726170117
0.412701755499
0.14130300089
0.310644146202
0.432898225526
0.0644757327756
0.133866208268
0.513583907782
0.231309392872
0.530164250557
0.463549527797
0.53378772445
0.17717472735
0.0785076855457
0.102753453068
0.205905844474
0.541065775101
0.0347590462603
0.221939245211
0.109332220501
0.350607362335
0.093093294666
0.21095213961
0.561369657231
0.166808899702
0.102963874496
0.0970107436297
0.0178345208532
0.00522715606754
0.00427224328518
0.55897277272
0.45139291135
0.0379740577391
0.0535491691648
0.183653757749
0.238276166981
0.266592829287
0.119979432394
0.351969026417
0.173269459947
0.525428056064
0.171768591346
0.467829811097
0.615829113723
0.129794818429
0.0250067333351
0.313923718936
0.103185252472
0.627527620851
0.0180181422821
0.00353352537123
0.13008346494
0.639260554189
0.644501073211
0.343171476121
0.346964585256
0.294866646904
0.540575592444
0.17219666195
0.0715769671787
0.702922564505
0.0274387118708
0.535910705196
0.74405917257
0.486525037043
0.00648684878905
0.72410015463
0.0856392093737
0.192691837928
0.319054795524
0.58150099429
0.0885769538125
0.804862218336
0.192951020546
0.707389676663
0.0771183274189
0.00661713721962
0.444806125639
0.804671196933
0.763509896644
0.479866098743
0.0747759799996
0.725741490128
0.78238133206
0.486656818683
0.556245746793
0.132565002073
0.478372303323
0.170187868642
0.258932193715
0.555891711067
0.0784150999468
0.548318739507
0.804734205803
0.16048515329
0.0551879108886
0.831413007215
0.515267949972
0.371798801329
0.541271167441
0.66591446401
0.476054213548
0.924177125992
0.03146857516
0.709216716591
0.88455153586
0.928806760878
0.836821667467
0.196873220437
0.0121187882835
0.227070812753
0.153972991536
0.94266413211
0.406157840843
1.05417982059
1.05321015674
0.555246225434
0.920596701225
0.11126188921
0.0556207629647
0.958081976367
0.155660053303
1.11743208924
1.11419842538
0.803104312648
0.0933353519724
0.0413000719394
0.227633929673
1.08442708204
1.12593550182
0.28403359886
1.07731189103
0.804194743672
1.16142036212
0.777446232456
1.0581934645
0.945848865821
0.0165392367972
0.0684010657712
0.86864929936
0.884362868232
0.964774422006
0.817381950888
1.24070252546
0.501400634891
0.334967498723
0.27408009354
0.616168521181
1.3216486589
1.26584417256
0.535946950507
0.336646866523
0.0780929200676
0.186675503134
1.18902153103
0.131197012616
1.26434175398
1.01394395885
0.194964730337
0.91766169302
0.688326581766
1.33018939719
1.15593834475
1.42436316318
0.0626235488381
0.537149717034
1.40646158939
1.37948244177
0.0381804128526
0.591666235715
1.01808788729
0.665808236641
0.359730149565
1.23469213593
1.5566481771
0.453954300013
1.31243579642
0.769499033854
0.782906225312
1.29805726153
1.07945008001
1.49953361375
0.0591166919721
0.698490703286
0.453213305349
1.01562962529
0.51779728747
1.033424314
1.46841082547
0.14528828875
0.885767923592
0.350297027939
0.433272375493
1.3979868219
1.15058081093
0.322496486344
1.26421849485
0.638912110122
0.945418386097
1.32656395116
1.41773337819
0.203930515711
0.073786703914
0.0730955363871
1.15648453584
1.04373420602
1.02754441255
0.184117494978
1.21646539778
0.372159316783
1.22651234166
0.242656457107
0.25583098268
1.21076177839
0.337688101064
1.27317741502
0.285876241857
1.07348966699
0.195988934151
0.959560778222
1.27892305783
0.114912405767
0.725423430887
0.370041004022
0.623810002372
1.16536505847
0.573230445285
0.93139085468
0.602343272032
1.23358440264
0.550327075548
0.217695152766
0.0222437730753
1.20197682305
0.832382121164
0.593991011613
0.973711229942
0.25441572008
0.107871678736
1.14134555593
0.970398236228
0.0816491719288
0.166311135338
0.253809784135
1.13939906019
0.584732174036
0.232442439917
0.0809748868585
1.02982254466
0.217605638855
0.110374634018
0.877360599511
0.927864486858
0.288447507835
0.958828817099
0.878634853579
0.338504659068
0.488324012006
0.957964556957
0.796358057889
0.917552387089
0.505791373641
0.167065378176
0.454281003526
0.911791492355
0.482900838174
0.893983210759
0.95445170343
0.625042871779
0.348293975449
0.881688492858
0.498082662691
0.413962204728
0.729755041565
0.348918011272
0.399872961303
0.347426397955
0.107438748996
0.220174430946
0.879274250242
0.875259206955
0.188751655137
0.138719741013
0.400423754196
0.103782451578
0.392431886718
0.183457913109
0.065345188917
0.819620454255
0.794785066125
0.0906422239733
0.710179975463
0.0714158360933
0.524775493389
0.126920348167
0.455660339701
0.689057507157
0.168495073627
0.741019031092
0.73781409041
0.638236379622
0.359664156004
0.766638652406
0.382263758629
0.753438608992
0.716515541008
0.67018794705
0.709319417449
0.0248619283463
0.0484144489761
0.696248818863
0.721079195287
0.115456119302
0.119849532076
0.155163562654
0.320891019931
0.175581724261
0.547994441967
0.693363174929
0.549444070866
0.263861254549
0.121970988924
0.370537808717
0.54904444301
0.624435541333
0.196519341695
0.0962587402581
0.586204433143
0.627210010966
0.105994668416
0.603925365368
0.475747087762
0.620177933666
0.0590934484661
0.156185013231
0.274415162737
0.542471020477
0.594211520578
0.356322262052
0.030356312828
0.390817427707
0.3634519072
0.05869801525
0.18999439256
0.504028520152
0.0649666451677
0.0544758980792
0.30132876838
0.0735001129981
0.43032636416
0.440468125512
0.219677252015
0.0901925640993
0.146524510313
0.396230752867
0.469350915503
0.474607503716
0.250678903246
0.253212415532
0.29579110192
0.344156474388
0.281802449412
0.301356504259
0.017084638808
0.474960324739
0.448670935963
0.231964942616
0.446149901142
0.403904446798
0.346535061441
0.404469342864
0.165190674722
0.286123614525
0.266008251529
0.216374057641
0.105420694101
0.301816548143
0.0496734153968
0.229320848883
0.454679346499
0.280162713109
0.418602688659
0.237261364999
0.295416360961
0.333988995552
0.177046418236
0.118010004477
0.0660334597462
0.147312353273
0.215168212173
0.341453300114
0.439070712596
0.248280052348
0.0392871940649
0.0133895759721
0.201656059634
0.201679150822
0.0381633812873
0.0304009727296
0.147509548897
0.173777729063
0.132780135086
0.162678020701
0.0179805772905
0.409646382387
0.367859032205
0.407024484986
0.0504079878975
0.156243518748
0.356900541955
0.337964430478
0.193286619798
0.0444381457177
0.335091026504
0.104390906819
0.268904398831
0.254740308456
0.397322753713
0.168550407538
0.451604694497
0.116931078992
0.155909459506
0.301667059428
0.0916908526849
0.461480098048
0.419273927698
0.225827669721
0.314024355163
0.209283199247
0.0339248521211
0.267543279769
0.0134603029921
0.434393278723
0.190521307076
0.0219187443749
0.172668453674
0.412597398786
0.0777576814425
0.138279622192
0.402778945247
0.280167166687
0.0871512858586
0.389035518076
0.399668426456
0.188039156709
0.129058631753
0.481992411102
0.156344145177
0.542367566992
0.278664726221
0.0945136393121
0.289028992498
0.53498241234
0.555397480722
0.1307022276
0.461604959152
0.197985910759
0.0247399987887
0.280910129747
0.0119331368718
0.604524084116
0.466886429901
0.46636610808
0.0595969753121
0.263145614393
0.571390350127
0.211774526809
0.617318568664
0.584325071751
0.634678706668
0.531807855154
0.295161494244
0.157765471918
0.287293854751
0.447451243034
0.0789844901324
0.163180622182
0.56658011267
0.144755418669
0.665152733754
0.651817258584
0.15238947105
0.0832808158712
0.0786877689757
0.152239751839
0.335819391742
0.168749811001
0.315827124749
0.00669826906079
0.626628937315
0.524390067641
0.0529426509987
0.444268872859
0.257341634027
0.699351622472
0.762386999025
0.130562510949
0.355388934252
0.316942707298
0.700765250187
0.765739873807
0.0905231429076
0.0495538335633
0.808408143119
0.790600057051
0.44860930232
0.0170044916896
0.851938713991
0.321461932078
0.718168163817
0.629710378728
0.0371867399198
0.868757175693
0.817171162645
0.760901258379
0.107757570622
0.651468557458
0.11386082897
0.455676552914
0.90631148972
0.43259435495
0.831541019101
0.909697367866
0.361107472883
0.49625608729
0.124139773301
0.934840145373
0.81913215816
0.960665925279
0.727000444188
0.0254214088358
0.548299135834
0.789456989382
0.267753597677
0.309764405909
0.587146033567
0.0671910064728
0.594553428034
0.889837628008
0.0585934474631
0.071595876516
0.76698974
0.123709288257
0.732273106201
0.522421131179
0.489658442496
0.631412687499
0.600373266883
1.06163891368
0.748928244343
0.0252307531086
0.294033630868
1.01808217307
0.98110677756
0.0125185951533
0.998400108733
1.08654924689
0.734589468912
0.890466689444
0.260431677196
0.568537365753
0.500926820832
0.21742764686
0.0998421149949
0.376073624544
1.18857857794
1.13254693595
0.201620226062
1.19090412985
0.698510157518
0.778721068341
0.308859870949
1.17628468301
0.427719176172
1.17151366187
0.313259755225
0.385982940159
1.09592657683
0.454206651177
1.09508500408
0.858342698936
1.28786293403
0.995882683793
1.06079273972
1.19378079249
1.07385168604
0.249355105867
0.0809811185755
1.18935436196
0.782421303207
0.893237111351
1.223216714
0.380467160814
0.447534957895
1.37003956893
1.0766138244
0.370965877445
0.895243625253
0.654045199813
1.07367480086
0.350307222836
1.31872695524
0.879658988207
0.63148353676
1.32003551822
1.10500088524
1.36546599435
0.96462203059
1.36628453844
1.27963090202
1.12569928191
0.573760874167
0.543557643017
0.0205208073208
0.0460642517354
0.113366709661
1.52351538382
1.28705892009
1.55234236227
0.29640106383
0.582920865368
0.592821654384
0.656598405776
1.50912721666
0.0851180174045
0.544057184819
0.173010093297
1.13065619056
0.859558557135
0.754082932829
1.21231033333
0.964147870393
1.18954179028
0.949339479059
1.30863601302
1.24107348462
0.995501344715
0.138416800323
0.985074715806
1.42129339171
1.21144705618
0.522991920257
0.032179727832
0.393477050329
0.0562705660351
0.202473480376
1.03008269253
1.09953139998
1.25317633432
0.804475248292
0.129979423331
1.05512011048
0.720026112675
1.13267012403
0.853901609938
0.338135272402
1.26115695826
0.431950287861
0.733285829786
0.747412050387
0.550878665785
1.19053992835
0.756236295445
0.538086851952
0.730712801046
0.923184335649
0.401615734138
0.812649916101
1.01943762484
0.174441090471
0.40183095454
0.645136580683
0.898450552428
0.749408331703
0.0436245486137
1.08578642359
0.931060519835
1.01058897823
0.923831061972
0.571343607108
1.07979430182
1.04558271771
0.057193889029
1.02717746024
0.669868093438
0.940586921719
0.997309397479
1.02191256145
0.452780966612
0.515693289347
0.836669083124
0.648833219131
1.01355081245
0.309391781005
0.931432038078
0.97141951812
0.0849503348918
0.124109925265
0.471830244993
0.950404866606
0.166559486442
0.145912441233
0.932714552196
0.924988605475
0.660378193705
0.232003936132
0.617122324329
0.909121701224
0.421152360587
0.0954347862234
0.573690114268
0.329808060913
0.852031450285
0.108639262727
0.309907783618
0.216136502576
0.847714385988
0.364957410362
0.080788405847
0.65390953044
0.812584615799
0.787117133261
0.565973629523
0.228268223263
0.0159680998769
0.354537512386
0.657937112643
0.642047596915
0.504769049868
0.741398321573
0.556149225321
0.0861501587332
0.374168897065
0.721241443324
0.625683996644
0.563817636274
0.691166455668
0.339625250686
0.285263174013
0.224740268679
0.32400619983
0.359203310321
0.499227236654
0.610049324009
0.585326660904
0.0333839531989
0.494066876242
0.433542515452
0.122915393412
0.240693249484
0.235203283811
0.249155410058
0.602783204533
0.313239391381
0.277649004631
0.538139749677
0.595747859213
0.295246812008
0.121126545816
0.224429687282
0.187703907497
0.00950536117914
0.105354970628
0.412354281851
0.177483747352
0.023627609084
0.339473151256
0.0723304912305
0.299323473813
0.0541073792977
0.270009013646
0.469695757394
0.303657158849
0.250972897832
0.343380768724
0.0146633817858
0.257148216475
0.228756265729
0.277427724177
0.0595080561613
0.335073266233
0.386485732035
0.252709423726
0.06082137841
0.0937267636457
0.422562428771
0.04446391127
0.160493377483
0.427016742412
0.159809598326
0.0530069281882
0.0762184852145
0.179072065626
0.0952956545365
0.15370879286
0.118631421429
0.27220354585
0.16383368733
0.300599700125
0.0907814799393
0.0206016782085
0.121765511327
0.247282588104
0.0521239296625
0.0689470658982
0.143595795264
0.408734721958
0.0720943544032
0.0601011407467
0.080717497863
0.166994193467
0.098245693323
0.222752675004
0.0104066673711
0.0267937788857
0.039151685075
0.296925732774
0.297801623672
0.325422761853
0.27276491906
0.100023274958
0.152441930732
0.140913430858
0.134632747209
0.114626844498
0.121283514291
0.0215839515582
0.104783614528
0.256074856069
0.241765201133
0.134419152227
0.0464030982565
0.0477077368292
0.365832339211
0.00250868778177
0.13131023812
0.410935093697
0.116988846242
0.165670083477
0.00156337858691
0.422964444641
0.434558512771
0.204286471047
0.45313696575
0.154991358846
0.110825242622
0.199984573596
0.265124239935
0.123935298711
0.24859455856
0.441882577869
0.444431054609
0.392782057177
0.213064707983
0.127164519366
0.32397699022
0.31760637813
0.269972913815
0.39447455401
0.364624373622
0.201242878249
0.430523392685
0.0987612638792
0.0270574552308
0.061834562338
0.400074882209
0.058860129055
0.167931313782
0.0954838428674
0.186042410529
0.16829118293
0.514205616634
0.492172867118
0.108416006395
0.28727263711
0.321077178769
0.0479084307153
0.0577952500592
0.278412744212
0.246183869888
0.00312021778917
0.433945674521
0.107268944378
0.0304849244402
0.245319842922
0.153339943495
0.167518851148
0.244380133434
0.378150453163
0.564440598476
0.567712132415
0.0112153770234
0.179619316908
0.502988437367
0.381281934819
0.0210152560123
0.0257007084336
0.566527708424
0.177216603122
0.0609040832214
0.0866293713501
0.474388946184
0.012742999202
0.100438507827
0.590622326317
0.547171446555
0.0759205049037
0.0552002844276
0.598876929894
0.637840908664
0.00886519256923
0.652574969429
0.0180063595288
0.380449861849
0.663148171797
0.660183429397
0.582087917356
0.10215015698
0.445238394906
0.0331485159627
0.643886563833
0.0775279603097
0.168830419553
0.383865071624
0.640716679394
0.0479108600074
0.629559614329
0.738476793452
0.144190840801
0.593468599946
0.286932254676
0.616307984846
0.643698710493
0.753038635071
0.729331324979
0.0416811121955
0.699414314832
0.298495444805
0.145529017925
0.799562943097
0.791694770015
0.797748251591
0.0721964989053
0.816893637565
0.466472251144
0.0799819125362
0.173650659517
0.83712348146
0.725741490128
0.855625324755
0.865032211769
0.126355430998
0.170187868642
0.258932193715
0.887832212122
0.638682367649
0.238074642165
0.86035167553
0.898653534949
0.0526893646793
0.118137640412
0.0556458369147
0.583922610071
0.00155683511038
0.944416027682
0.373820440584
0.321235783611
0.617000943126
0.499217873213
0.328615837483
0.729088713591
0.98590178256
0.062237160946
0.337345876658
0.904934025955
0.139028036344
0.94266413211
0.868029788591
0.678425785332
0.00901613235478
0.790805039633
0.306867742321
1.07506100943
0.332796065172
1.1125794029
0.319492772587
1.01107488977
0.755356600065
1.13180336957
0.885811925497
0.0605463468398
0.0513296029759
1.09664449937
1.16887241149
0.291954136952
0.0660797375322
0.0934443404561
0.0688195113219
0.271711250291
0.795807336069
0.0576267919096
0.520943362884
0.982729653507
0.0684010657712
0.86864929936
0.972392508847
0.763758336892
0.118170728499
0.0302394435979
0.0525502379264
1.03884465792
1.11407077666
0.21646070548
0.785422761323
1.23905989634
0.822839192221
1.04735395351
1.1840800833
1.10543813985
1.10558231438
0.00391099626035
0.458352641968
0.890733766082
1.22198001077
0.0405242792082
0.973389788182
0.548560571928
1.36214010114
0.0505631425488
0.18651599065
0.478125406884
1.36019592898
0.591666235715
0.0278977472071
0.633961615615
1.42155805462
0.0744721870233
1.50116010019
0.0691260241587
0.013531513872
1.16645483626
0.582069298614
0.0347171183545
1.31243579642
1.1187347596
0.745608234266
0.148996158285
0.928226679936
0.402670717966
0.0234644144566
0.141751254007
1.46204901543
1.02126425198
0.806247294959
0.595744922523
0.14817988314
1.08675866509
1.29425626492
0.541632912236
0.904347073153
0.550645063242
1.31078136426
0.429073847204
0.165763577384
0.905019806846
0.350533040911
0.131767295886
0.68476233981
1.03322612841
1.32683008112
0.121307995482
1.34146865729
0.0752682430048
0.905695595537
1.29458842948
1.25262192044
0.0979676720411
0.0353445218265
0.227320091323
0.0917334609467
0.136324925906
1.11525620641
0.96584342755
1.01505494614
1.12167058616
0.815352958388
0.31572517436
0.277993647182
0.0929204184981
0.832382121164
0.553472706872
0.627610383286
1.18721376911
0.353655522355
0.103561250405
0.341953678495
1.12889429563
1.15085353497
1.19677417836
0.205268155275
0.872064241967
1.03531196075
1.16050963344
1.17185483375
0.148449011708
0.321664460886
0.96244233551
0.124255156257
0.19027578968
0.0637792200122
1.03546022735
0.0932162852933
0.160143579435
0.885690170225
0.63589626373
0.533419337048
0.36738994338
0.116483808976
0.947679073771
0.0783179926192
0.851717974878
0.318291433983
1.01987828875
1.00758140276
0.11085817464
0.076417157548
0.271711582206
0.967186781169
0.92779232684
0.295691143765
0.315640713552
0.110247817526
0.943338863448
0.0748125866471
0.911678618204
0.348293975449
0.873465124947
0.619801821616
0.783509126532
0.266786139778
0.269134881372
0.775191375148
0.35141501397
0.188751655137
0.239731311405
0.371990497073
0.837006610396
0.866398036967
0.105263334526
0.666433686813
0.720608251816
0.173117673181
0.721137480446
0.746304254733
0.724976075281
0.73781409041
0.0872482071874
0.706646575945
0.282337452624
0.597253774606
0.12271134713
0.711378009941
0.709319417449
0.664455883068
0.730204116656
0.0260567043857
0.0444004228162
0.284625717106
0.34648845501
0.682478352225
0.184202662876
0.117008049985
0.266149577458
0.256909210492
0.508755749839
0.530461385927
0.0638997388566
0.668736077054
0.14200609144
0.231417187005
0.309778983547
0.643448955403
0.00573475306694
0.588714225784
0.0276284872523
0.268033444389
0.525140949472
0.509153877138
0.137873030587
0.0921430909802
0.554184572185
0.418728956364
0.544111113061
0.137253603904
0.0680898931187
0.200023613216
0.247584331197
0.156934166342
0.0732641462564
0.135134151164
0.0245270048089
0.365524820312
0.053679085088
0.267453538057
0.0531599307267
0.108298834265
0.00239412178098
0.165310405874
0.0332518426346
0.306659249674
0.107202794081
0.0925848172801
0.38049634476
0.227045570366
0.332900592312
0.442690999927
0.0734184713304
0.264873827125
0.103810317274
0.26069331352
0.396696204252
0.218174128195
0.0594968406591
0.253643113967
0.119088720721
0.271596759301
0.461116451483
0.24033614753
0.0158721302101
0.419164427668
0.165717806842
0.210573688462
0.305360093967
0.0155319854119
0.217894640869
0.179371612995
0.0854095954783
0.184594541299
0.0567632259435
0.0585432844924
0.159060812912
0.0122238182045
0.146851244485
0.228198659707
0.234063496453
0.354114030938
0.281609033571
0.422794125107
0.235657688406
0.419586450098
0.400345818799
0.0424570780588
0.0464503581861
0.268884811941
0.443606667483
0.107179225815
0.0872111574027
0.0938473165789
0.444669683333
0.253247693877
0.254740308456
0.269975153743
0.144284684556
0.258226138033
0.00231502493049
0.193249677614
0.104044416124
0.0963099090557
0.332576394683
0.119986378709
0.077423541457
0.482486367914
0.335741192567
0.487309196895
0.475664342664
0.323284623915
0.331551886214
0.477889943554
0.201869118106
0.469274702431
0.0195583110539
0.172668453674
0.49329014378
0.00119604688418
0.216739218312
0.0871512858586
0.47318300655
0.531711579012
0.0859979688219
0.114318897345
0.542685510066
0.241949194347
0.154966000756
0.501781521102
0.2352774118
0.10663773447
0.0685641710267
0.0182256175057
0.274141899483
0.306341407359
0.152042157659
0.46255862275
0.603144953624
0.0570976600799
0.525427533026
0.0176979369587
0.498842156161
0.62589925821
0.35532866328
0.203388491857
0.270568614928
0.461267901773
0.219083887705
0.0246231403566
0.205181217537
0.640533866615
0.37711982073
0.0917837797225
0.13417451694
0.695764797011
0.160599431707
0.0656340049025
0.346011750608
0.670968332676
0.524236144578
0.33178507064
0.418955775382
0.105237621803
0.574290914806
0.0442177273877
0.749301313852
0.777905210044
0.717128989624
0.668744786032
0.270351541395
0.0691052437453
0.123716171403
0.766528860994
0.761191013669
0.578082367634
0.839297414258
0.0298527807866
0.612999067156
0.290431811639
0.203794427223
0.879456197127
0.269569735756
0.0182439664613
0.600700680653
0.260315694246
0.772044013252
0.819411427583
0.311520705955
0.295591646148
0.949636131445
0.19479113771
0.346367960572
0.934795668046
0.940822172411
0.635136629946
0.0398517171826
0.907751773044
0.813770923624
0.0287755037428
0.783488358505
0.637457331703
1.07224814643
0.946662287902
0.690730258881
0.562472897805
0.511128918273
0.0736079765752
1.06437181895
1.02251899526
0.487291129236
1.17017527287
0.369120896517
0.990131413228
1.18914082198
1.13254693595
0.151005647997
1.20571785304
0.938678429466
0.352469630181
0.781449812353
1.07635121081
0.389321463213
0.355939764817
0.361420955346
1.24984092669
0.76654461856
0.441446309019
0.995882683793
1.10963307374
1.28426975155
0.719747768396
1.32327429981
1.21909224745
0.348458576827
0.893237111351
0.169881546054
1.17964057759
0.384574985862
1.32606962913
0.674644503902
1.12601317165
1.34243544987
0.120664188067
0.663783112488
0.183051615791
0.160696183916
0.949573471759
1.30528200301
0.992818517851
0.0343022793187
0.625466850644
0.493831932188
1.29280646223
1.36628453844
1.18038733472
0.908048090564
